1
10000
10001
2
10001
25,36,50,64,65,51,10002,58,10003
3
10002
10002,58,10002
4
10002
10004,56,10005
5
10002
24,36,10002,58,10003
6
10004
10004,52,36
7
10004
36
8
10005
66
9
10005
67

16
10003
10008,57,10009
17
10009
10009,40,10009
18
10009
10009,42,10009
19
10009
41,10009
20
10009
50,10009,51
21
10009
10008
22
10008
36
23
10011
10011,22,10011
24
10011
10011,1,100011
25
10011
20,10011
26
10011
50£¬10011£¬51
27
10011
10009£¬44£¬10009
28
10011
10009£¬45£¬10009
29
10011
10009£¬46£¬10009
30
10011
10009£¬47£¬10009
31
10011
10009£¬48£¬10009
32
10011
10009£¬49£¬10009
33
10011
70
34
10011
71
35
10003
15,10011,29,10003
36
10003
34,10011,7,10003
37
10003
3,10007,10
38
10003
10012
39
10007
10007,58,10003
40
10007
10003
41
10003
12,36,57,10009,30,10009,72,10009,7,10003
42
10003
27,10003,32,10011






 